STLV80_360	STLV80_A_360
563.6D201-SQ401	1	1	02045+50010+158+140	700	1400	1400	1750
563.6D301-SQ501	1	2	02040+40202+158+153	3200	3200	3200	5655
563.6A201-SQ401	1	3	02040+40197+158+140	2025	4050	4050	5655
563.6A201-SQ501	1	4	02040+40201+158+159	2700	2700	2700	5655
563.6C206-SQ501	1	5	02105+10009+158+142	300	300	300	700
563.6C206-SQ401	1	6	02045+50010+158+153	375	750	750	1750
563.7C201-SQ401	1	7	02032+40145+158+158	200	200	200	434
563.7C201-SQ501	1	8	02042+10210+158+153	400	400	400	700
563.6G201-SQ401	2	1	02042+10209+158+153	700	1400	1400	3619
563.6M201-SQ503	2	2	02005-20125-158-140	850	850	850	1060
563.6M201-SQ403	2	3	02045+20003+158+140	1225	2450	2450	5344
563.6M201-SQ402	2	4	02042+10207+158+153	700	1400	1400	4524
563.6M201-SQ502	2	5	02040+40196+158+140	3850	3850	3850	5655
563.6M201-SQ501	2	6	02044+00121+158+164	2600	2600	2600	5655
563.6M201-SQ401	2	7	02045+20006+158+140	900	1800	1800	5344
563.7O201-SQ401	3	1	02032+40155+158+129	200	200	200	700
563.7O201-SQ501	3	2	02049+40093+158+142	400	400	400	700
