563.3I302-SQ401	1	1	01945+20056+158+158	30	100	200	434
563.3I302-SQ402	1	2	01945+20016+158+158	30	100	200	434
563.3I301-SQ401	1	3	01947+10239+158+158	150	150	150	434
563.3I302-SQ501	1	4	02005+20123+158+153	60	200	400	1060
563.3J301-SQ401	1	5	01945+20008+158+158	45	150	300	434
563.3J202-SQ502	1	6	02005+20118+158+159	200	200	200	434
563.3J202-SQ501	1	7	02005+20124+158+153	86	288	575	1750
563.3K204-SQ501	1	8	02016+10198+158+159	450	450	450	1060
563.I3-SQ401 	2	3	02008+40150+158+142	50	50	50	265
563.3I201-SQ401	2	4	01947+10241+158+129	19	63	125	434
563.3I201-SQ501	2	5	02016+10170+158+159	38	125	250	700
563.3I201-SQ402	2	6	01947+10297+158+129	19	63	125	434
563.3K201-SQ401	2	7	01945+20017+158+158	200	200	200	434
563.3K201-SQ501	2	8	02005+20120+158+159	100	100	100	700
563.3J302-SQ401	3	1	01945+20057+158+129	26	88	175	434
563.3J302-SQ501	3	2	02005+20119+158+159	200	200	200	700
563.3K301-SQ401	3	3	01945+20007+158+158	45	150	300	434
563.3L302-SQ401	3	4	01945+20048+158+129	26	88	175	434
563.3M301-SQ401	3	5	01945+20040+158+158	26	88	175	434
563.3N301-SQ401	3	6	01945+20039+158+129	26	88	175	434
563.3L205-SQ401	3	7	01945+20050+158+158	11	38	75	434
563.3M202-SQ401	3	8	01945+20042+158+158	19	63	125	434
563.3L201-SQ401	4	1	01945+20050+158+129	26	88	175	434
563.3M201-SQ401	4	2	01945+20005+158+158	26	88	175	434
563.3N201-SQ401	4	3	01945+20049+158+129	26	88	175	434
563.3N203-SQ501	4	4	02005+20123+158+140	200	200	200	700
563.3N202-SQ401	4	5	01945+20040+158+129	30	100	200	434
563.3O201-SQ501	4	6	02005+20121+158+140	300	300	300	700
563.3P201-SQ401	4	7	01945+20013+158+158	45	150	300	434
563.3N204-SQ401	5	1	01945+20006+158+158	26	88	175	434
563.3N205-SQ401	5	2	01945+20005+158+129	26	88	175	434
563.3O203-SQ401	5	3	01945+20041+158+158	26	88	175	434
563.3O203-SQ501	5	4	01931+10225+158+142	26	88	175	700
563.3P202-SQ401	5	5	01945+20015+158+129	45	150	300	434
563.3P202-SQ501	5	6	02005+20120+158+153	300	300	300	700
563.3O302-SQ401	6	1	01945+20014+158+129	26	88	175	434
563.3P301-SQ401	6	2	01945+20015+158+158	45	138	275	434
563.3O301-SQ501	6	3	02005+20122+158+159	176	588	1175	1750
563.3O302-SQ502	6	4	02005+20122+158+153	26	88	200	700
563.3O202-SQ502	6	5	02005+20121+158+159	105	350	700	1750
